1.130000000000000000e+02
1.800000000000000000e+02
3.220000000000000000e+02
2.900000000000000000e+01
2.080000000000000000e+02
2.930000000000000000e+02
2.350000000000000000e+02
9.400000000000000000e+01
1.120000000000000000e+02
6.360000000000000000e+02
2.180000000000000000e+02
1.410000000000000000e+02
4.190000000000000000e+02
1.740000000000000000e+02
1.170000000000000000e+02
7.140000000000000000e+02
4.680000000000000000e+02
3.530000000000000000e+02
5.070000000000000000e+02
1.546000000000000000e+03
7.510000000000000000e+02
