4.570000000000000000e+02
3.400000000000000000e+02
2.760000000000000000e+02
2.670000000000000000e+02
5.600000000000000000e+01
2.300000000000000000e+01
7.900000000000000000e+01
1.600000000000000000e+01
2.000000000000000000e+01
2.700000000000000000e+01
2.700000000000000000e+01
2.000000000000000000e+01
1.200000000000000000e+01
1.700000000000000000e+01
1.000000000000000000e+01
1.100000000000000000e+01
1.000000000000000000e+01
1.400000000000000000e+01
1.000000000000000000e+01
1.100000000000000000e+01
1.000000000000000000e+01
1.200000000000000000e+01
1.000000000000000000e+01
1.200000000000000000e+01
1.100000000000000000e+01
1.200000000000000000e+01
1.000000000000000000e+01
1.000000000000000000e+01
1.800000000000000000e+01
1.000000000000000000e+01
1.100000000000000000e+01
1.100000000000000000e+01
1.100000000000000000e+01
1.200000000000000000e+01
1.000000000000000000e+01
1.100000000000000000e+01
1.200000000000000000e+01
1.000000000000000000e+01
1.200000000000000000e+01
1.100000000000000000e+01
1.100000000000000000e+01
1.200000000000000000e+01
7.100000000000000000e+01
1.900000000000000000e+01
1.400000000000000000e+01
1.000000000000000000e+01
1.100000000000000000e+01
1.200000000000000000e+01
1.200000000000000000e+01
1.100000000000000000e+01
1.500000000000000000e+01
1.000000000000000000e+01
1.200000000000000000e+01
1.200000000000000000e+01
1.100000000000000000e+01
1.000000000000000000e+01
1.000000000000000000e+01
1.000000000000000000e+01
1.000000000000000000e+01
1.400000000000000000e+01
1.000000000000000000e+01
1.000000000000000000e+01
1.200000000000000000e+01
1.000000000000000000e+01
1.800000000000000000e+01
1.000000000000000000e+01
1.000000000000000000e+01
1.700000000000000000e+01
1.000000000000000000e+01
1.200000000000000000e+01
1.000000000000000000e+01
1.100000000000000000e+01
1.200000000000000000e+01
1.200000000000000000e+01
1.200000000000000000e+01
1.100000000000000000e+01
1.400000000000000000e+01
1.000000000000000000e+01
1.000000000000000000e+01
1.000000000000000000e+01
1.300000000000000000e+01
1.300000000000000000e+01
1.200000000000000000e+01
1.000000000000000000e+01
1.000000000000000000e+01
1.000000000000000000e+01
1.100000000000000000e+01
1.000000000000000000e+01
1.000000000000000000e+01
1.200000000000000000e+01
1.000000000000000000e+01
1.000000000000000000e+01
1.000000000000000000e+01
1.000000000000000000e+01
1.000000000000000000e+01
1.000000000000000000e+01
1.000000000000000000e+01
1.000000000000000000e+01
1.100000000000000000e+01
1.200000000000000000e+01
1.200000000000000000e+01
1.000000000000000000e+01
1.000000000000000000e+01
1.200000000000000000e+01
1.200000000000000000e+01
1.000000000000000000e+01
1.200000000000000000e+01
1.000000000000000000e+01
1.400000000000000000e+01
1.000000000000000000e+01
1.200000000000000000e+01
1.000000000000000000e+01
1.600000000000000000e+01
1.200000000000000000e+01
1.100000000000000000e+01
1.100000000000000000e+01
1.200000000000000000e+01
1.000000000000000000e+01
1.000000000000000000e+01
1.000000000000000000e+01
1.200000000000000000e+01
1.000000000000000000e+01
1.100000000000000000e+01
1.000000000000000000e+01
1.700000000000000000e+01
1.000000000000000000e+01
1.000000000000000000e+01
1.000000000000000000e+01
1.000000000000000000e+01
3.000000000000000000e+00
9.040000000000000000e+02
4.510000000000000000e+02
1.476000000000000000e+03
2.285000000000000000e+03
1.241000000000000000e+03
3.200000000000000000e+02
4.630000000000000000e+02
3.260000000000000000e+02
6.700000000000000000e+01
3.030000000000000000e+02
1.250000000000000000e+02
2.030000000000000000e+02
3.510000000000000000e+02
1.890000000000000000e+02
5.920000000000000000e+02
3.230000000000000000e+02
1.179000000000000000e+03
1.043000000000000000e+03
9.530000000000000000e+02
2.690000000000000000e+02
1.840000000000000000e+02
1.830000000000000000e+02
5.700000000000000000e+01
3.700000000000000000e+01
3.400000000000000000e+01
3.300000000000000000e+01
2.300000000000000000e+01
3.600000000000000000e+01
4.500000000000000000e+01
2.300000000000000000e+01
2.800000000000000000e+01
3.700000000000000000e+01
3.800000000000000000e+01
3.000000000000000000e+01
3.800000000000000000e+01
7.700000000000000000e+01
4.300000000000000000e+01
5.000000000000000000e+01
3.700000000000000000e+01
3.300000000000000000e+01
3.500000000000000000e+01
4.100000000000000000e+01
3.200000000000000000e+01
4.200000000000000000e+01
3.900000000000000000e+01
5.000000000000000000e+01
3.230000000000000000e+02
1.040000000000000000e+02
9.900000000000000000e+01
5.900000000000000000e+01
5.600000000000000000e+01
3.000000000000000000e+02
3.090000000000000000e+02
6.800000000000000000e+01
3.300000000000000000e+01
1.430000000000000000e+02
4.200000000000000000e+01
4.000000000000000000e+01
3.700000000000000000e+01
3.900000000000000000e+01
3.800000000000000000e+01
3.800000000000000000e+01
6.100000000000000000e+01
5.500000000000000000e+01
4.500000000000000000e+01
4.200000000000000000e+01
3.400000000000000000e+01
3.300000000000000000e+01
2.100000000000000000e+01
6.600000000000000000e+01
