5.398324323948759940e-01 3.122176933122172149e-01 3.698373641290021441e-01 2.810198845010392077e-01
3.035070698193282901e-01 3.224396930500753600e-01 3.060611831307727959e-01 4.886305026858401845e-01
4.677504851741686176e-01 3.602915895054171758e-01 2.944553351874067415e-01 3.035365866546602120e-01
4.625918356561599110e-01 4.182676265406635174e-01 2.772949481940776839e-01 2.964123886165946908e-01
3.513874580137175130e-01 2.710543230653988944e-01 2.684959090916944069e-01 2.888321466772005852e-01
2.647530723156480414e-01 8.285613181571836738e-02 1.985110868578540966e-01 2.937552751961475805e-01
2.853102301789209871e-01 3.154519854869130002e-01 3.329692222755412101e-01 1.863738794833914303e-01
3.274627787028527859e-01 3.231968226287874058e-01 3.281189772709894870e-01 3.248549564379749621e-01
5.688016454095249363e-01 4.977133434784404842e-01 4.645769854164613077e-01 5.241434759978559343e-01
5.074275863599335690e-01 3.995651236572695941e-01 4.841880026629362677e-01 5.404370448494075774e-01
4.786093131765674080e-01 3.928738233382823575e-01 4.169000067803942944e-01 5.135274026742191467e-01
4.478989755309771836e-01 3.965840314302150893e-01 2.978403197264976043e-01 4.879543664008054726e-01
2.831827998083171760e-01 2.943459209393255449e-01 2.659888862542719723e-01 4.284093733655655600e-01
2.565622784553834301e-01 2.632200062573807342e-01 2.325196203492450597e-01 8.104008011732835581e-02
1.418697424247604699e-01 8.008959760278193396e-02 3.402038144545130871e-01 2.110788885273748305e-01
3.357267655453094468e-01 3.203334686586087332e-01 3.328690659694484300e-01 3.323082286625732573e-01
5.987370460426908458e-01 5.278472825589759498e-01 5.538053478465754242e-01 5.497159562065554450e-01
0.000000000000000000e+00 0.000000000000000000e+00 0.000000000000000000e+00 0.000000000000000000e+00
0.000000000000000000e+00 0.000000000000000000e+00 0.000000000000000000e+00 0.000000000000000000e+00
0.000000000000000000e+00 0.000000000000000000e+00 0.000000000000000000e+00 0.000000000000000000e+00
0.000000000000000000e+00 0.000000000000000000e+00 0.000000000000000000e+00 0.000000000000000000e+00
0.000000000000000000e+00 0.000000000000000000e+00 0.000000000000000000e+00 0.000000000000000000e+00
0.000000000000000000e+00 0.000000000000000000e+00 0.000000000000000000e+00 0.000000000000000000e+00
0.000000000000000000e+00 0.000000000000000000e+00 0.000000000000000000e+00 0.000000000000000000e+00
6.119171229674793544e-01 5.698516463756952977e-01 6.302494095892539061e-01 6.000727553395548419e-01
5.987367718225686808e-01 6.302491776682587199e-01 6.634204312706444284e-01 5.997262878401754538e-01
6.499945751934643745e-01 6.634188546334531811e-01 6.983372960868812207e-01 6.302438627706707930e-01
7.350918906246368678e-01 6.948925855504486382e-01 6.552588896433071408e-01 6.626207126883916221e-01
7.687243788757915919e-01 4.334839772386766543e-01 6.367172942774765865e-01 6.253908116975634979e-01
8.017795485189940230e-01 7.262832692676296498e-01 8.138813455321989299e-01 3.833536981925560472e-01
8.573743158292488342e-01 7.509202337805511718e-01 8.389925091709198313e-01 5.944630532955170743e-01
9.024254511991500749e-01 7.733038495247415156e-01 5.814223641851825608e-01 6.631715881479229857e-01
7.136976705966973089e-01 5.956345989584637124e-01 5.964093623597922500e-01 6.234394557036546658e-01
5.693351952291147988e-01 6.302494091611372529e-01 5.485184669173712724e-01 6.194825815527302826e-01
4.916584246310896633e-01 6.624276658059085054e-01 7.310328431472163935e-01 5.985731864262775481e-01
6.968654503447890836e-01 6.983230720780092549e-01 7.737809374999462531e-01 6.838371025700884509e-01
7.220334421838858763e-01 6.905928447112359425e-01 8.145062499999728978e-01 7.341458156879423491e-01
8.335904292220885914e-01 7.702674617971173587e-01 8.573749999999824567e-01 7.735274255766532159e-01
9.014448079510493095e-01 8.144620174207592989e-01 9.024999999999995248e-01 8.143948077172775690e-01
9.499999999999999556e-01 8.563523500981664593e-01 6.838501175621876094e-01 8.571231730469459631e-01
6.052770447733691883e-01 6.505762471967233562e-01 6.052435226305599159e-01 7.613909093545399021e-01
4.672591536116897371e-01 5.948557079107628098e-01 4.315779792697537198e-01 6.133825680672352343e-01
4.703653796806193110e-01 4.286003834292599901e-01 6.708558802056858728e-01 4.612903405255162625e-01
6.782181785559721066e-01 7.350796184890748819e-01 6.130227536352828022e-01 4.594698826325877561e-01
1.863112207964680300e-01 7.697822036884731656e-01 6.730434929934496768e-01 6.557370896567780161e-01
7.455452971542332330e-01 8.140836306646597187e-01 8.987101479947391391e-01 6.242114351097084457e-01
6.321363081714943544e-01 7.262347602421735937e-01 9.499999535989772648e-01 7.727314758608413436e-01
9.497688738115516172e-01 9.024877192141174120e-01 1.000000000000000000e+00 9.023035024385821501e-01
0.000000000000000000e+00 0.000000000000000000e+00 0.000000000000000000e+00 0.000000000000000000e+00
0.000000000000000000e+00 0.000000000000000000e+00 0.000000000000000000e+00 0.000000000000000000e+00
0.000000000000000000e+00 0.000000000000000000e+00 0.000000000000000000e+00 0.000000000000000000e+00
0.000000000000000000e+00 0.000000000000000000e+00 0.000000000000000000e+00 0.000000000000000000e+00
0.000000000000000000e+00 0.000000000000000000e+00 0.000000000000000000e+00 0.000000000000000000e+00
0.000000000000000000e+00 0.000000000000000000e+00 0.000000000000000000e+00 0.000000000000000000e+00
