3.050000000000000000e+02
1.340000000000000000e+02
1.610000000000000000e+02
8.090000000000000000e+02
2.000000000000000000e+01
2.060000000000000000e+02
6.500000000000000000e+01
5.300000000000000000e+01
1.200000000000000000e+01
1.200000000000000000e+01
1.000000000000000000e+01
1.100000000000000000e+01
1.100000000000000000e+01
1.300000000000000000e+01
1.000000000000000000e+01
1.300000000000000000e+01
1.000000000000000000e+01
1.000000000000000000e+01
1.000000000000000000e+01
1.000000000000000000e+01
1.200000000000000000e+01
1.000000000000000000e+01
1.000000000000000000e+01
1.000000000000000000e+01
1.100000000000000000e+01
1.000000000000000000e+01
1.300000000000000000e+01
1.300000000000000000e+01
1.000000000000000000e+01
1.000000000000000000e+01
1.000000000000000000e+01
1.000000000000000000e+01
1.300000000000000000e+01
1.200000000000000000e+01
1.200000000000000000e+01
1.000000000000000000e+01
1.800000000000000000e+01
1.000000000000000000e+01
1.100000000000000000e+01
1.000000000000000000e+01
1.100000000000000000e+01
1.000000000000000000e+01
1.000000000000000000e+01
1.000000000000000000e+01
1.200000000000000000e+01
1.200000000000000000e+01
1.000000000000000000e+01
1.000000000000000000e+01
1.400000000000000000e+01
1.100000000000000000e+01
1.000000000000000000e+01
1.000000000000000000e+01
1.300000000000000000e+01
1.000000000000000000e+01
1.000000000000000000e+01
1.300000000000000000e+01
1.000000000000000000e+01
1.000000000000000000e+01
1.000000000000000000e+01
1.200000000000000000e+01
1.000000000000000000e+01
1.000000000000000000e+01
1.000000000000000000e+01
1.000000000000000000e+01
1.200000000000000000e+01
1.000000000000000000e+01
1.200000000000000000e+01
1.900000000000000000e+01
1.000000000000000000e+01
1.000000000000000000e+01
1.000000000000000000e+01
1.100000000000000000e+01
1.800000000000000000e+01
1.000000000000000000e+01
1.100000000000000000e+01
1.000000000000000000e+01
1.100000000000000000e+01
1.000000000000000000e+01
1.100000000000000000e+01
1.000000000000000000e+01
1.200000000000000000e+01
1.000000000000000000e+01
1.000000000000000000e+01
1.100000000000000000e+01
1.000000000000000000e+01
1.000000000000000000e+01
1.000000000000000000e+01
1.000000000000000000e+01
1.000000000000000000e+01
1.000000000000000000e+01
1.200000000000000000e+01
1.000000000000000000e+01
1.100000000000000000e+01
1.000000000000000000e+01
1.200000000000000000e+01
1.000000000000000000e+01
1.000000000000000000e+01
1.300000000000000000e+01
1.000000000000000000e+01
1.200000000000000000e+01
1.100000000000000000e+01
1.900000000000000000e+01
1.100000000000000000e+01
1.200000000000000000e+01
1.000000000000000000e+01
1.100000000000000000e+01
1.000000000000000000e+01
1.000000000000000000e+01
1.000000000000000000e+01
1.200000000000000000e+01
1.000000000000000000e+01
1.000000000000000000e+01
1.100000000000000000e+01
1.200000000000000000e+01
1.500000000000000000e+01
1.000000000000000000e+01
1.200000000000000000e+01
1.100000000000000000e+01
1.100000000000000000e+01
1.200000000000000000e+01
4.000000000000000000e+00
3.100000000000000000e+02
3.770000000000000000e+02
4.840000000000000000e+02
4.310000000000000000e+02
6.050000000000000000e+02
5.500000000000000000e+02
9.200000000000000000e+01
2.270000000000000000e+02
2.590000000000000000e+02
6.830000000000000000e+02
2.750000000000000000e+02
6.450000000000000000e+02
2.010000000000000000e+02
2.490000000000000000e+02
2.120000000000000000e+02
1.380000000000000000e+02
1.420000000000000000e+02
7.000000000000000000e+02
6.800000000000000000e+01
5.900000000000000000e+01
8.700000000000000000e+01
6.670000000000000000e+02
6.400000000000000000e+01
6.150000000000000000e+02
4.080000000000000000e+02
8.200000000000000000e+01
9.750000000000000000e+02
6.680000000000000000e+02
6.600000000000000000e+01
1.117000000000000000e+03
5.700000000000000000e+01
6.300000000000000000e+01
5.600000000000000000e+01
7.600000000000000000e+01
7.300000000000000000e+01
3.300000000000000000e+01
5.600000000000000000e+01
4.500000000000000000e+01
4.300000000000000000e+01
5.400000000000000000e+01
3.800000000000000000e+01
4.400000000000000000e+01
5.100000000000000000e+01
4.900000000000000000e+01
2.900000000000000000e+01
3.800000000000000000e+01
2.900000000000000000e+01
6.300000000000000000e+01
4.300000000000000000e+01
3.300000000000000000e+01
5.500000000000000000e+01
3.100000000000000000e+01
3.700000000000000000e+01
5.000000000000000000e+01
4.100000000000000000e+01
3.200000000000000000e+01
1.136000000000000000e+03
2.220000000000000000e+02
4.900000000000000000e+01
1.020000000000000000e+02
5.500000000000000000e+01
3.200000000000000000e+01
4.000000000000000000e+01
3.800000000000000000e+01
5.500000000000000000e+01
3.900000000000000000e+01
3.600000000000000000e+01
3.000000000000000000e+01
5.100000000000000000e+01
4.800000000000000000e+01
3.300000000000000000e+01
5.500000000000000000e+01
4.300000000000000000e+01
4.100000000000000000e+01
6.400000000000000000e+01
3.700000000000000000e+01
4.400000000000000000e+01
2.700000000000000000e+01
3.200000000000000000e+01
3.600000000000000000e+01
5.700000000000000000e+01
4.300000000000000000e+01
3.500000000000000000e+01
4.600000000000000000e+01
6.200000000000000000e+01
3.200000000000000000e+01
2.500000000000000000e+01
3.700000000000000000e+01
4.300000000000000000e+01
6.300000000000000000e+01
3.200000000000000000e+01
3.000000000000000000e+01
2.300000000000000000e+01
4.700000000000000000e+01
2.600000000000000000e+01
7.900000000000000000e+01
4.900000000000000000e+01
3.500000000000000000e+01
6.800000000000000000e+01
3.500000000000000000e+01
4.000000000000000000e+01
2.400000000000000000e+01
5.800000000000000000e+01
6.400000000000000000e+01
5.800000000000000000e+01
3.000000000000000000e+01
2.400000000000000000e+01
4.600000000000000000e+01
5.400000000000000000e+01
3.900000000000000000e+01
3.300000000000000000e+01
6.000000000000000000e+01
2.800000000000000000e+01
4.000000000000000000e+01
3.000000000000000000e+01
2.800000000000000000e+01
3.900000000000000000e+01
4.100000000000000000e+01
2.100000000000000000e+01
2.300000000000000000e+01
2.600000000000000000e+01
2.100000000000000000e+01
2.400000000000000000e+01
2.800000000000000000e+01
4.300000000000000000e+01
4.100000000000000000e+01
3.500000000000000000e+01
4.200000000000000000e+01
5.200000000000000000e+01
2.600000000000000000e+01
5.300000000000000000e+01
3.500000000000000000e+01
2.700000000000000000e+01
2.300000000000000000e+01
3.200000000000000000e+01
6.100000000000000000e+01
5.400000000000000000e+01
2.900000000000000000e+01
4.900000000000000000e+01
3.800000000000000000e+01
2.900000000000000000e+01
3.900000000000000000e+01
3.900000000000000000e+01
3.800000000000000000e+01
3.400000000000000000e+01
4.800000000000000000e+01
4.700000000000000000e+01
2.400000000000000000e+01
2.300000000000000000e+01
3.600000000000000000e+01
3.200000000000000000e+01
2.900000000000000000e+01
5.600000000000000000e+01
4.700000000000000000e+01
5.600000000000000000e+01
3.100000000000000000e+01
3.000000000000000000e+01
5.200000000000000000e+01
4.800000000000000000e+01
4.000000000000000000e+01
5.100000000000000000e+01
3.300000000000000000e+01
6.400000000000000000e+01
5.700000000000000000e+01
2.900000000000000000e+01
3.000000000000000000e+01
3.700000000000000000e+01
4.200000000000000000e+01
2.500000000000000000e+01
3.000000000000000000e+01
3.400000000000000000e+01
3.800000000000000000e+01
3.700000000000000000e+01
2.800000000000000000e+01
3.300000000000000000e+01
2.600000000000000000e+01
6.300000000000000000e+01
2.600000000000000000e+01
3.100000000000000000e+01
