5.418776461820379309e-01 4.670060868323037684e-01 5.142543999385462694e-01 5.363277056995208181e-01
5.198846829996091046e-01 5.173317621858888327e-01 4.722260447173014519e-01 5.206518304817340237e-01
5.045450099652261100e-01 4.817225423293421960e-01 4.618099975600852281e-01 5.029702869338447124e-01
4.887634737698605125e-01 4.605044707630751022e-01 4.366647989344639158e-01 4.849894630453343014e-01
4.229927550748432408e-01 4.055146561547933182e-01 2.246496967852424920e-01 4.634871475859023149e-01
2.694061433758355717e-01 1.001360396834695132e-01 1.840241898158458955e-01 1.036625350815627150e-01
1.670462175430136309e-01 1.833782808131351472e-01 1.816828893520388566e-01 1.840905899005643165e-01
1.808373642337918474e-01 1.826150157567900112e-01 1.822692213416434726e-01 1.812890864792052470e-01
5.996552686596342552e-01 5.273809019091335593e-01 5.423245465446153712e-01 5.472597802610330575e-01
5.349207897164973691e-01 5.054698261965079320e-01 5.205235809115944523e-01 5.453287802398829598e-01
5.230372100499249832e-01 4.902886950524470988e-01 4.881506479699752599e-01 5.190730930123448328e-01
4.894347155760322976e-01 4.651831600931600197e-01 4.411916264468323523e-01 5.051997174486220210e-01
3.627374645846296319e-01 2.460199169556425147e-01 2.459751283898659602e-01 4.871343265917438825e-01
2.171533968334582454e-01 1.558937222405634149e-01 1.846600672639334140e-01 3.794139774017768474e-01
1.850458453484642440e-01 1.848725746779744938e-01 1.828051768865622262e-01 2.189366664856646216e-01
1.800006458707905099e-01 1.805849631022014568e-01 1.830388812946630028e-01 1.848089130959571225e-01
6.502986188981467741e-01 5.574605570522079834e-01 5.841887497282849395e-01 5.829900733714807881e-01
0.000000000000000000e+00 0.000000000000000000e+00 0.000000000000000000e+00 0.000000000000000000e+00
0.000000000000000000e+00 0.000000000000000000e+00 0.000000000000000000e+00 0.000000000000000000e+00
0.000000000000000000e+00 0.000000000000000000e+00 0.000000000000000000e+00 0.000000000000000000e+00
0.000000000000000000e+00 0.000000000000000000e+00 0.000000000000000000e+00 0.000000000000000000e+00
0.000000000000000000e+00 0.000000000000000000e+00 0.000000000000000000e+00 0.000000000000000000e+00
0.000000000000000000e+00 0.000000000000000000e+00 0.000000000000000000e+00 0.000000000000000000e+00
0.000000000000000000e+00 0.000000000000000000e+00 0.000000000000000000e+00 0.000000000000000000e+00
6.963729008176615665e-01 5.919210484084476143e-01 6.302494097243597215e-01 6.366747708229083536e-01
6.634136029114063859e-01 6.302369416496642618e-01 6.634204312890426003e-01 6.090024663606068422e-01
6.983372960937497265e-01 6.634201730164317468e-01 6.983330357025624435e-01 6.300705139036535396e-01
7.350062562349071182e-01 6.968556759230150055e-01 7.350918906240677675e-01 6.633984042581884122e-01
7.737263711309453340e-01 7.320476205177570694e-01 7.737809374999997658e-01 6.980319117205534551e-01
8.143587140049105555e-01 7.737809014538129526e-01 8.145062499999997652e-01 7.350917638007590238e-01
8.573748698784969813e-01 8.145062385905905700e-01 8.573749999999997762e-01 7.737805788001439478e-01
9.024999999999998579e-01 8.573738574421836400e-01 6.919744245369514601e-01 8.145053604058051233e-01
7.113512016364141877e-01 6.365814367849551569e-01 6.548781478450160787e-01 7.245191465803602071e-01
6.302494528703501686e-01 6.302274717611109356e-01 6.983372960937497265e-01 6.301442099413210318e-01
6.634204312890570332e-01 6.634204312889764310e-01 7.350918906249996887e-01 6.634204307340281215e-01
6.998579890194369657e-01 6.983372958556279819e-01 7.737809374999997658e-01 6.983372960931663043e-01
8.101347661818486534e-01 7.350918906220134108e-01 8.145062499999997652e-01 7.350918886809865160e-01
8.573699023749618009e-01 7.737799784400212211e-01 8.573749999999997762e-01 7.737803037490549318e-01
9.024999999999998579e-01 8.144857008682657717e-01 9.024999932719812712e-01 8.144491816558646624e-01
9.499999999999999556e-01 8.573747306010686131e-01 6.158315795087525579e-01 8.573577411952573168e-01
8.615978112696250912e-01 6.831128922282454496e-01 6.572017710741530072e-01 7.161419374204227584e-01
6.302477732256780429e-01 6.628500422012031379e-01 6.634204312890621402e-01 6.307624123564278262e-01
6.634204108513019893e-01 6.983372960937497265e-01 6.983371685904353754e-01 6.302493739446402010e-01
6.949331738535733383e-01 7.350918906249885865e-01 7.382933746323183666e-01 6.634020403336998717e-01
7.815892328054645510e-01 5.718221315580827024e-01 8.573550074346349970e-01 6.983372843863004942e-01
8.471657433239556667e-01 6.108795791797513308e-01 9.024999999998941647e-01 8.083285537623899897e-01
9.024993697429710693e-01 8.573749019266978522e-01 9.499999999999999556e-01 8.573740325758307801e-01
9.499999926860708266e-01 9.024999927218089191e-01 1.000000000000000000e+00 9.024999995914344542e-01
0.000000000000000000e+00 0.000000000000000000e+00 0.000000000000000000e+00 0.000000000000000000e+00
0.000000000000000000e+00 0.000000000000000000e+00 0.000000000000000000e+00 0.000000000000000000e+00
0.000000000000000000e+00 0.000000000000000000e+00 0.000000000000000000e+00 0.000000000000000000e+00
0.000000000000000000e+00 0.000000000000000000e+00 0.000000000000000000e+00 0.000000000000000000e+00
0.000000000000000000e+00 0.000000000000000000e+00 0.000000000000000000e+00 0.000000000000000000e+00
0.000000000000000000e+00 0.000000000000000000e+00 0.000000000000000000e+00 0.000000000000000000e+00
